T	M_avg	M_err	E_avg	E_err	Cv	Cv_err	Chi	Chi_err
0.500	1.000000	0.000000	-131071.945312	0.012760	0.000025	0.000006	-0.000000	0.000000
0.607	0.999996	0.000000	-131071.054688	0.054342	0.000305	0.000019	-0.000000	0.000000
0.715	0.999972	0.000001	-131064.609375	0.154480	0.001782	0.000062	-0.000000	0.000000
0.822	0.999877	0.000002	-131039.960938	0.324017	0.005927	0.000180	-0.000000	0.000000
0.929	0.999616	0.000004	-130972.734375	0.559225	0.013813	0.000398	0.000000	0.000000
1.037	0.999027	0.000006	-130822.929688	0.905542	0.029107	0.000831	0.000000	0.000000
1.144	0.997907	0.000009	-130542.289062	1.337445	0.052139	0.001484	0.000000	0.000000
1.251	0.995984	0.000013	-130070.585938	1.832456	0.081805	0.002321	0.000000	0.000000
1.359	0.992945	0.000018	-129345.070312	2.454358	0.124483	0.003514	0.000000	0.000000
1.466	0.988361	0.000025	-128286.593750	3.167053	0.178034	0.004958	0.000000	0.000000
1.573	0.981697	0.000033	-126814.296875	3.934273	0.238533	0.006795	0.000000	0.000000
1.681	0.972221	0.000044	-124828.648438	4.929661	0.328194	0.009451	0.000000	0.000000
1.788	0.958670	0.000059	-122186.960938	5.990582	0.428216	0.012402	0.000000	0.000000
1.895	0.939344	0.000084	-118757.601562	7.320892	0.569137	0.016092	0.000000	0.000000
2.003	0.910532	0.000120	-114275.789062	8.734627	0.725657	0.020180	0.000000	0.000000
2.110	0.862699	0.000194	-108274.593750	10.545582	0.952876	0.027171	0.000000	0.000000
2.114	0.860803	0.000202	-108028.023438	10.804855	0.996255	0.027998	0.000000	0.000000
2.119	0.858549	0.000218	-107758.960938	11.052854	1.038300	0.028898	0.000000	0.000000
2.123	0.856087	0.000217	-107480.054688	11.235545	1.068580	0.030611	0.000000	0.000000
2.127	0.851884	0.000256	-107137.031250	11.544739	1.123660	0.030766	0.000000	0.000000
2.131	0.849514	0.000228	-106834.265625	11.256618	1.063982	0.029955	0.000000	0.000000
2.136	0.845964	0.000251	-106521.937500	11.528118	1.111452	0.031587	0.000000	0.000000
2.140	0.844233	0.000233	-106278.789062	11.265518	1.057146	0.030836	0.000000	0.000000
2.144	0.840874	0.000251	-105966.484375	11.649857	1.125994	0.031595	0.000000	0.000000
2.149	0.837361	0.000246	-105605.265625	11.398702	1.073671	0.029664	0.000000	0.000000
2.153	0.833964	0.000252	-105301.109375	11.808490	1.147673	0.032904	0.000000	0.000000
2.157	0.829475	0.000264	-104941.593750	11.615718	1.106100	0.030625	0.000000	0.000000
2.161	0.825611	0.000294	-104602.429688	12.210217	1.217377	0.036195	0.000000	0.000000
2.166	0.820125	0.000345	-104236.945312	12.196988	1.209938	0.034355	0.000000	0.000000
2.170	0.817305	0.000326	-103926.148438	12.027244	1.171852	0.032783	0.000000	0.000000
2.174	0.814337	0.000413	-103600.546875	13.050579	1.374315	0.040545	0.000000	0.000000
2.179	0.808744	0.000346	-103198.890625	12.501478	1.256143	0.035165	0.000000	0.000000
2.183	0.805856	0.000339	-102888.125000	12.259653	1.203278	0.034732	0.000000	0.000000
2.187	0.802106	0.000348	-102540.468750	12.757648	1.297917	0.037299	0.000000	0.000000
2.191	0.796450	0.000378	-102169.257812	12.892818	1.320387	0.037484	0.000000	0.000000
2.196	0.782682	0.000670	-101618.906250	13.471068	1.435861	0.040916	0.000000	0.000000
2.200	0.785806	0.000388	-101362.851562	12.946463	1.321043	0.037400	0.000000	0.000000
2.204	0.779009	0.000459	-100932.000000	13.525870	1.436332	0.040077	0.000000	0.000000
2.209	0.772055	0.000459	-100535.593750	13.238193	1.370549	0.038500	0.000000	0.000000
2.213	0.763260	0.000487	-100084.414062	13.187571	1.354824	0.038923	0.000000	0.000000
2.217	0.760808	0.000554	-99693.468750	14.185153	1.561496	0.043493	0.000000	0.000000
2.221	0.748110	0.000582	-99141.914062	14.655169	1.660264	0.048496	0.000000	0.000000
2.226	0.739850	0.000678	-98747.101562	14.561977	1.632909	0.044007	0.000000	0.000000
2.230	0.739435	0.000605	-98433.710938	14.421746	1.595461	0.043961	0.000000	0.000000
2.234	0.726267	0.000757	-97868.593750	15.436694	1.820922	0.048176	0.000000	0.000000
2.239	0.714206	0.000707	-97330.171875	15.297231	1.781327	0.050202	0.000000	0.000000
2.243	0.539235	0.003005	-95651.445312	16.139980	1.975436	0.058926	0.000000	0.000000
2.247	0.684607	0.000845	-96272.335938	15.653705	1.851113	0.051654	0.000000	0.000000
2.251	0.661828	0.001075	-95479.273438	16.678885	2.093523	0.056950	0.000000	0.000000
2.256	0.670425	0.000885	-95296.687500	15.009907	1.689071	0.048845	0.000000	0.000000
2.260	0.639956	0.001144	-94511.742188	16.376123	2.002928	0.055675	0.000000	0.000000
2.264	0.589207	0.001574	-93630.062500	16.855236	2.113817	0.059302	0.000000	0.000000
2.269	0.560660	0.001319	-92955.351562	15.821378	1.855427	0.052750	0.000000	0.000000
2.273	0.057296	0.006650	-91233.507812	15.825510	1.849402	0.048130	0.000000	0.000000
2.277	0.453431	0.002037	-91428.460938	16.365057	1.970219	0.055755	0.000000	0.000000
2.281	0.399298	0.002362	-90629.171875	15.787861	1.826808	0.051622	0.000000	0.000000
2.286	0.347347	0.004200	-90253.578125	15.809550	1.824968	0.049164	0.000000	0.000000
2.290	0.117432	0.002278	-88911.289062	14.917584	1.618774	0.050623	0.000000	0.000000
2.294	0.075837	0.001920	-88581.578125	15.842023	1.818806	0.052958	0.000000	0.000000
2.299	0.062798	0.003845	-88241.765625	16.056503	1.861427	0.054313	0.000000	0.000000
2.303	0.036024	0.002483	-87448.039062	14.763943	1.567945	0.044405	0.000000	0.000000
2.307	0.074474	0.003919	-87210.234375	14.806068	1.571052	0.045588	0.000000	0.000000
2.311	0.075742	0.002570	-86818.296875	15.026494	1.612183	0.044599	0.000000	0.000000
2.316	0.051844	0.004454	-86245.804688	15.631302	1.738123	0.046848	0.000000	0.000000
2.320	0.000499	0.003569	-85825.085938	14.471329	1.484229	0.040706	0.000000	0.000000
2.324	0.081080	0.001599	-85318.257812	14.384982	1.461167	0.041703	0.000000	0.000000
2.329	0.008978	0.002899	-84836.484375	14.834780	1.548257	0.042632	0.000000	0.000000
2.333	0.036259	0.001958	-84434.562500	13.501806	1.277814	0.036967	0.000000	0.000000
2.337	0.070865	0.002491	-84131.664062	14.083873	1.385268	0.038987	0.000000	0.000000
2.341	0.044507	0.002477	-83545.171875	13.847439	1.334250	0.036433	0.000000	0.000000
2.346	0.000967	0.001687	-83219.093750	13.774173	1.315349	0.037951	0.000000	0.000000
2.350	0.044864	0.002681	-82891.140625	13.932958	1.340945	0.038698	0.000000	0.000000
2.354	0.021005	0.001568	-82528.445312	13.607800	1.274435	0.036993	0.000000	0.000000
2.359	0.001061	0.003008	-82375.914062	14.005859	1.345183	0.037376	0.000000	0.000000
2.363	0.021848	0.002068	-81846.070312	13.845843	1.309857	0.037006	0.000000	0.000000
2.367	0.001187	0.001514	-81621.664062	14.629228	1.456981	0.040855	0.000000	0.000000
2.371	0.002908	0.001819	-81139.257812	13.233095	1.187853	0.032301	0.000000	0.000000
2.376	0.005463	0.001886	-80919.046875	13.365641	1.207400	0.034399	0.000000	0.000000
2.380	0.022886	0.002138	-80452.718750	12.925770	1.125172	0.031215	0.000000	0.000000
2.384	0.001049	0.001511	-80063.773438	13.633878	1.247333	0.035859	0.000000	0.000000
2.389	0.020593	0.001758	-79712.648438	12.985203	1.127408	0.031497	0.000000	0.000000
2.393	0.014346	0.001738	-79389.367188	12.948777	1.117079	0.031737	0.000000	0.000000
2.397	0.011424	0.001718	-79184.421875	12.935407	1.110791	0.032626	0.000000	0.000000
2.401	0.021985	0.001739	-78735.734375	12.830212	1.088901	0.030841	0.000000	0.000000
2.406	0.003938	0.001752	-78446.335938	12.775074	1.075719	0.030025	0.000000	0.000000
2.410	0.001070	0.001656	-78143.960938	12.317070	0.996416	0.028715	0.000000	0.000000
2.524	0.001131	0.000957	-71205.890625	11.694819	0.819249	0.022939	0.000000	0.000000
2.637	0.001987	0.000699	-65733.023438	10.703431	0.628404	0.017726	0.000000	0.000000
2.751	0.001120	0.000601	-61248.496094	10.446840	0.550223	0.015162	0.000000	0.000000
2.864	0.000177	0.000508	-57433.617188	10.090693	0.473445	0.013709	0.000000	0.000000
2.978	0.000715	0.000467	-54141.785156	10.063235	0.435640	0.012450	0.000000	0.000000
3.091	0.000670	0.000422	-51289.781250	9.579378	0.366283	0.010172	0.000000	0.000000
3.205	0.000102	0.000397	-48729.011719	9.268080	0.318995	0.008953	0.000000	0.000000
3.319	0.000021	0.000374	-46449.480469	9.134946	0.289048	0.008121	0.000000	0.000000
3.432	0.000322	0.000347	-44383.367188	8.940804	0.258870	0.007331	0.000000	0.000000
3.546	0.000398	0.000336	-42527.128906	8.766649	0.233195	0.006609	0.000000	0.000000
3.659	0.000331	0.000323	-40828.304688	8.822244	0.221731	0.006210	0.000000	0.000000
3.773	0.000092	0.000296	-39289.179688	8.667952	0.201350	0.005502	0.000000	0.000000
3.886	0.000183	0.000288	-37845.644531	8.563977	0.185229	0.005224	0.000000	0.000000
4.000	0.000368	0.000288	-36529.726562	8.489877	0.171847	0.004712	0.000000	0.000000
