T	M_avg	M_err	E_avg	E_err	Cv	Cv_err	Chi	Chi_err
0.500	1.000000	0.000000	-8191.998535	0.002263	0.000012	0.000018	0.000000	0.000000
0.607	0.999997	0.000001	-8191.945801	0.013150	0.000286	0.000069	0.000000	0.000000
0.715	0.999972	0.000004	-8191.536133	0.038397	0.001762	0.000151	0.000000	0.000000
0.822	0.999874	0.000009	-8189.958008	0.080954	0.005920	0.000286	0.000000	0.000000
0.929	0.999613	0.000016	-8185.764648	0.143543	0.014561	0.000532	0.000000	0.000000
1.037	0.999012	0.000025	-8176.187988	0.229808	0.029994	0.000966	0.000000	0.000000
1.144	0.997919	0.000038	-8159.046875	0.333851	0.051980	0.001536	0.000000	0.000000
1.251	0.996015	0.000054	-8129.927246	0.462574	0.083406	0.002537	0.000000	0.000000
1.359	0.992929	0.000074	-8083.948242	0.617417	0.126041	0.003703	0.000000	0.000000
1.466	0.988372	0.000098	-8018.106934	0.776489	0.171231	0.004856	0.000000	0.000000
1.573	0.981708	0.000132	-7925.776367	0.996016	0.244608	0.006933	0.000000	0.000000
1.681	0.972077	0.000176	-7800.519043	1.219633	0.321422	0.009099	0.000000	0.000000
1.788	0.958691	0.000235	-7637.850586	1.470811	0.413008	0.011610	0.000000	0.000000
1.895	0.939988	0.000311	-7426.600586	1.769076	0.531743	0.015194	0.000000	0.000000
2.003	0.910553	0.000485	-7141.356934	2.216850	0.747886	0.021255	0.000000	0.000000
2.110	0.864342	0.000801	-6773.154785	2.688542	0.990943	0.028868	0.000000	0.000000
2.114	0.860452	0.000784	-6747.923828	2.666449	0.970777	0.027444	0.000000	0.000000
2.119	0.859151	0.000799	-6735.413086	2.720193	1.006221	0.028652	0.000000	0.000000
2.123	0.853764	0.000841	-6705.215332	2.766816	1.036810	0.029007	0.000000	0.000000
2.127	0.852968	0.000925	-6700.649414	2.757923	1.026009	0.029981	0.000000	0.000000
2.131	0.850221	0.000876	-6679.394531	2.818572	1.067325	0.030582	0.000000	0.000000
2.136	0.846045	0.000949	-6659.196777	2.780517	1.034534	0.029365	0.000000	0.000000
2.140	0.845035	0.000944	-6644.774902	2.859006	1.089388	0.030083	0.000000	0.000000
2.144	0.839858	0.001001	-6614.600098	2.915186	1.128099	0.032720	0.000000	0.000000
2.149	0.836873	0.001077	-6604.150879	2.907339	1.117563	0.032438	0.000000	0.000000
2.153	0.828473	0.001257	-6569.136230	3.090258	1.257590	0.036909	0.000000	0.000000
2.157	0.824304	0.001206	-6542.729492	3.094679	1.256184	0.034918	0.000000	0.000000
2.161	0.832216	0.000956	-6551.311035	2.958087	1.143195	0.031986	0.000000	0.000000
2.166	0.825213	0.001085	-6521.819824	2.953224	1.134933	0.031789	0.000000	0.000000
2.170	0.820022	0.001143	-6504.229004	3.024041	1.185321	0.033216	0.000000	0.000000
2.174	0.817682	0.001095	-6477.506836	3.048096	1.199511	0.034274	0.000000	0.000000
2.179	0.817125	0.001106	-6470.731445	3.044474	1.191958	0.035470	0.000000	0.000000
2.183	0.806453	0.001249	-6430.347656	3.111212	1.239906	0.034851	0.000000	0.000000
2.187	0.800172	0.001489	-6409.682617	3.123605	1.244910	0.035300	0.000000	0.000000
2.191	0.799112	0.001419	-6391.528320	3.192758	1.295559	0.036655	0.000000	0.000000
2.196	0.789961	0.001761	-6355.831055	3.405783	1.468460	0.042923	0.000000	0.000000
2.200	0.789978	0.001335	-6335.203125	3.227473	1.313590	0.036941	0.000000	0.000000
2.204	0.780979	0.001743	-6310.703613	3.394555	1.447471	0.043661	0.000000	0.000000
2.209	0.784166	0.001369	-6309.328613	3.184172	1.268674	0.035907	0.000000	0.000000
2.213	0.743973	0.003076	-6231.044434	3.711280	1.716804	0.047608	0.000001	0.000000
2.217	0.756175	0.002105	-6231.603027	3.531291	1.548316	0.042766	0.000000	0.000000
2.221	0.758584	0.002201	-6216.826172	3.457547	1.478603	0.041661	0.000000	0.000000
2.226	0.753263	0.001591	-6184.416504	3.333210	1.368884	0.039424	0.000000	0.000000
2.230	0.728544	0.002923	-6143.999023	3.685334	1.666955	0.047201	0.000001	0.000000
2.234	0.738292	0.001745	-6120.612793	3.597776	1.582599	0.043596	0.000000	0.000000
2.239	0.721515	0.002530	-6094.687012	3.697857	1.665476	0.043732	0.000001	0.000000
2.243	0.721740	0.002233	-6062.655762	3.758690	1.714154	0.046885	0.000000	0.000000
2.247	0.708825	0.002511	-6030.981934	3.842860	1.784957	0.049486	0.000001	0.000000
2.251	0.699694	0.002924	-6005.106445	3.925704	1.855662	0.055007	0.000001	0.000000
2.256	0.699110	0.002337	-5981.588867	3.697590	1.640021	0.046054	0.000000	0.000000
2.260	0.647012	0.004882	-5930.460449	4.129496	2.037780	0.055889	0.000002	0.000000
2.264	0.610038	0.005223	-5860.503418	4.149947	2.050230	0.058418	0.000002	0.000000
2.269	0.608853	0.004677	-5834.045898	4.220584	2.112614	0.055725	0.000002	0.000000
2.273	0.228947	0.017073	-5743.648438	4.462023	2.352336	0.060197	0.000026	0.000000
2.277	0.411581	0.008269	-5657.988281	4.310688	2.187221	0.059801	0.000006	0.000000
2.281	0.523168	0.006467	-5719.725586	4.162340	2.031615	0.056949	0.000004	0.000000
2.286	0.580559	0.004788	-5729.864258	4.311040	2.171203	0.056081	0.000002	0.000000
2.290	0.569981	0.005249	-5702.837402	4.234290	2.086749	0.058726	0.000002	0.000000
2.294	0.370631	0.007923	-5533.752441	4.085145	1.935085	0.050584	0.000006	0.000000
2.299	0.109370	0.013694	-5528.486816	4.185207	2.023476	0.056160	0.000017	0.000000
2.303	0.272159	0.010630	-5505.291992	4.127746	1.960975	0.057507	0.000010	0.000000
2.307	0.080077	0.013260	-5442.737793	4.196547	2.019367	0.053238	0.000016	0.000000
2.311	0.268622	0.008667	-5417.292969	3.908859	1.745497	0.051493	0.000007	0.000000
2.316	0.111527	0.011582	-5383.344727	4.009385	1.829640	0.050726	0.000012	0.000000
2.320	0.321266	0.010948	-5446.297852	4.080745	1.888352	0.051730	0.000011	0.000000
2.324	0.360572	0.008031	-5393.958496	4.355026	2.142805	0.058245	0.000006	0.000000
2.329	0.017013	0.011403	-5320.891602	3.926662	1.735594	0.049264	0.000011	0.000000
2.333	0.318851	0.006262	-5320.580566	3.817442	1.634364	0.045674	0.000003	0.000000
2.337	0.156522	0.008227	-5274.972656	3.532743	1.394549	0.039442	0.000006	0.000000
2.341	0.093090	0.011047	-5246.080566	3.902673	1.695675	0.051585	0.000011	0.000000
2.346	0.098097	0.011588	-5231.408203	3.651615	1.479108	0.041452	0.000012	0.000000
2.350	0.044672	0.008864	-5166.900879	3.613922	1.443451	0.041589	0.000007	0.000000
2.354	0.077038	0.009841	-5167.344238	3.959763	1.726633	0.046870	0.000008	0.000000
2.359	0.046784	0.007050	-5122.623535	3.391060	1.261691	0.037247	0.000004	0.000000
2.363	0.047500	0.007480	-5087.992188	3.297383	1.188622	0.032373	0.000005	0.000000
2.367	0.114399	0.007726	-5086.365723	3.437497	1.287110	0.036290	0.000005	0.000000
2.371	0.168268	0.008491	-5106.254395	3.603024	1.408946	0.040553	0.000006	0.000000
2.376	0.077045	0.006636	-5047.108887	3.339539	1.206048	0.034457	0.000004	0.000000
2.380	0.056880	0.007098	-5036.144043	3.488652	1.311419	0.037544	0.000004	0.000000
2.384	0.071960	0.006885	-5011.643066	3.498770	1.314299	0.037503	0.000004	0.000000
2.389	0.047277	0.008093	-5000.029297	3.438490	1.264851	0.034268	0.000006	0.000000
2.393	0.021872	0.007211	-4961.484375	3.366302	1.207960	0.033640	0.000004	0.000000
2.397	0.022404	0.005941	-4936.088867	3.128870	1.039842	0.029670	0.000003	0.000000
2.401	0.018447	0.006088	-4912.133789	3.267259	1.129816	0.031013	0.000003	0.000000
2.406	0.027190	0.006922	-4918.531250	3.175340	1.063341	0.030091	0.000004	0.000000
2.410	0.037408	0.007133	-4900.608398	3.290473	1.137791	0.031982	0.000004	0.000000
2.524	0.005146	0.004216	-4450.343750	2.909680	0.811408	0.023523	0.000001	0.000000
2.637	0.010037	0.002894	-4104.061523	2.719389	0.649016	0.018727	0.000001	0.000000
2.751	0.001485	0.002517	-3827.907715	2.638357	0.561509	0.016085	0.000000	0.000000
2.864	0.006714	0.002108	-3587.753174	2.496181	0.463553	0.012727	0.000000	0.000000
2.978	0.001368	0.002052	-3389.413086	2.464721	0.418127	0.011678	0.000000	0.000000
3.091	0.001627	0.001682	-3204.080811	2.364263	0.356988	0.010027	0.000000	0.000000
3.205	0.001453	0.001590	-3045.211914	2.334230	0.323751	0.009075	0.000000	0.000000
3.319	0.003212	0.001518	-2901.079102	2.286683	0.289794	0.008089	0.000000	0.000000
3.432	0.000101	0.001366	-2774.791504	2.245774	0.261325	0.007527	0.000000	0.000000
3.546	0.000557	0.001271	-2657.114014	2.221818	0.239657	0.006812	0.000000	0.000000
3.659	0.000778	0.001264	-2555.310791	2.187116	0.218037	0.006024	0.000000	0.000000
3.773	0.000852	0.001223	-2456.637207	2.154588	0.199053	0.005710	0.000000	0.000000
3.886	0.001064	0.001160	-2364.617920	2.133173	0.183878	0.005180	0.000000	0.000000
4.000	0.000072	0.001145	-2283.385498	2.146073	0.175691	0.004973	0.000000	0.000000
